{
 "cells": [
  {
   "cell_type": "markdown",
   "id": "56b614f9",
   "metadata": {},
   "source": [
    "## Boston Housing Price Prediction"
   ]
  },
  {
   "cell_type": "code",
   "execution_count": 1,
   "id": "f0ff1984",
   "metadata": {},
   "outputs": [],
   "source": [
    "## importing required libraries\n",
    "import pandas as pd\n",
    "import numpy as np\n",
    "import seaborn as sns\n",
    "import matplotlib.pyplot as plt\n",
    "%matplotlib inline"
   ]
  },
  {
   "cell_type": "code",
   "execution_count": 2,
   "id": "7d8f2c08",
   "metadata": {},
   "outputs": [
    {
     "data": {
      "text/html": [
       "<div>\n",
       "<style scoped>\n",
       "    .dataframe tbody tr th:only-of-type {\n",
       "        vertical-align: middle;\n",
       "    }\n",
       "\n",
       "    .dataframe tbody tr th {\n",
       "        vertical-align: top;\n",
       "    }\n",
       "\n",
       "    .dataframe thead th {\n",
       "        text-align: right;\n",
       "    }\n",
       "</style>\n",
       "<table border=\"1\" class=\"dataframe\">\n",
       "  <thead>\n",
       "    <tr style=\"text-align: right;\">\n",
       "      <th></th>\n",
       "      <th>TOWN</th>\n",
       "      <th>TRACT</th>\n",
       "      <th>LON</th>\n",
       "      <th>LAT</th>\n",
       "      <th>MEDV</th>\n",
       "      <th>CRIM</th>\n",
       "      <th>ZN</th>\n",
       "      <th>INDUS</th>\n",
       "      <th>CHAS</th>\n",
       "      <th>NOX</th>\n",
       "      <th>RM</th>\n",
       "      <th>AGE</th>\n",
       "      <th>DIS</th>\n",
       "      <th>RAD</th>\n",
       "      <th>TAX</th>\n",
       "      <th>PTRATIO</th>\n",
       "    </tr>\n",
       "  </thead>\n",
       "  <tbody>\n",
       "    <tr>\n",
       "      <th>0</th>\n",
       "      <td>Nahant</td>\n",
       "      <td>2011</td>\n",
       "      <td>-70.955</td>\n",
       "      <td>42.2550</td>\n",
       "      <td>24.0</td>\n",
       "      <td>0.00632</td>\n",
       "      <td>18.0</td>\n",
       "      <td>2.31</td>\n",
       "      <td>0</td>\n",
       "      <td>0.538</td>\n",
       "      <td>6.575</td>\n",
       "      <td>65.2</td>\n",
       "      <td>4.0900</td>\n",
       "      <td>1</td>\n",
       "      <td>296</td>\n",
       "      <td>15.3</td>\n",
       "    </tr>\n",
       "    <tr>\n",
       "      <th>1</th>\n",
       "      <td>Swampscott</td>\n",
       "      <td>2021</td>\n",
       "      <td>-70.950</td>\n",
       "      <td>42.2875</td>\n",
       "      <td>21.6</td>\n",
       "      <td>0.02731</td>\n",
       "      <td>0.0</td>\n",
       "      <td>7.07</td>\n",
       "      <td>0</td>\n",
       "      <td>0.469</td>\n",
       "      <td>6.421</td>\n",
       "      <td>78.9</td>\n",
       "      <td>4.9671</td>\n",
       "      <td>2</td>\n",
       "      <td>242</td>\n",
       "      <td>17.8</td>\n",
       "    </tr>\n",
       "    <tr>\n",
       "      <th>2</th>\n",
       "      <td>Swampscott</td>\n",
       "      <td>2022</td>\n",
       "      <td>-70.936</td>\n",
       "      <td>42.2830</td>\n",
       "      <td>34.7</td>\n",
       "      <td>0.02729</td>\n",
       "      <td>0.0</td>\n",
       "      <td>7.07</td>\n",
       "      <td>0</td>\n",
       "      <td>0.469</td>\n",
       "      <td>7.185</td>\n",
       "      <td>61.1</td>\n",
       "      <td>4.9671</td>\n",
       "      <td>2</td>\n",
       "      <td>242</td>\n",
       "      <td>17.8</td>\n",
       "    </tr>\n",
       "    <tr>\n",
       "      <th>3</th>\n",
       "      <td>Marblehead</td>\n",
       "      <td>2031</td>\n",
       "      <td>-70.928</td>\n",
       "      <td>42.2930</td>\n",
       "      <td>33.4</td>\n",
       "      <td>0.03237</td>\n",
       "      <td>0.0</td>\n",
       "      <td>2.18</td>\n",
       "      <td>0</td>\n",
       "      <td>0.458</td>\n",
       "      <td>6.998</td>\n",
       "      <td>45.8</td>\n",
       "      <td>6.0622</td>\n",
       "      <td>3</td>\n",
       "      <td>222</td>\n",
       "      <td>18.7</td>\n",
       "    </tr>\n",
       "    <tr>\n",
       "      <th>4</th>\n",
       "      <td>Marblehead</td>\n",
       "      <td>2032</td>\n",
       "      <td>-70.922</td>\n",
       "      <td>42.2980</td>\n",
       "      <td>36.2</td>\n",
       "      <td>0.06905</td>\n",
       "      <td>0.0</td>\n",
       "      <td>2.18</td>\n",
       "      <td>0</td>\n",
       "      <td>0.458</td>\n",
       "      <td>7.147</td>\n",
       "      <td>54.2</td>\n",
       "      <td>6.0622</td>\n",
       "      <td>3</td>\n",
       "      <td>222</td>\n",
       "      <td>18.7</td>\n",
       "    </tr>\n",
       "  </tbody>\n",
       "</table>\n",
       "</div>"
      ],
      "text/plain": [
       "         TOWN  TRACT     LON      LAT  MEDV     CRIM    ZN  INDUS  CHAS  \\\n",
       "0      Nahant   2011 -70.955  42.2550  24.0  0.00632  18.0   2.31     0   \n",
       "1  Swampscott   2021 -70.950  42.2875  21.6  0.02731   0.0   7.07     0   \n",
       "2  Swampscott   2022 -70.936  42.2830  34.7  0.02729   0.0   7.07     0   \n",
       "3  Marblehead   2031 -70.928  42.2930  33.4  0.03237   0.0   2.18     0   \n",
       "4  Marblehead   2032 -70.922  42.2980  36.2  0.06905   0.0   2.18     0   \n",
       "\n",
       "     NOX     RM   AGE     DIS  RAD  TAX  PTRATIO  \n",
       "0  0.538  6.575  65.2  4.0900    1  296     15.3  \n",
       "1  0.469  6.421  78.9  4.9671    2  242     17.8  \n",
       "2  0.469  7.185  61.1  4.9671    2  242     17.8  \n",
       "3  0.458  6.998  45.8  6.0622    3  222     18.7  \n",
       "4  0.458  7.147  54.2  6.0622    3  222     18.7  "
      ]
     },
     "execution_count": 2,
     "metadata": {},
     "output_type": "execute_result"
    }
   ],
   "source": [
    "dataset = pd.read_csv('boston.csv')\n",
    "dataset.head()"
   ]
  },
  {
   "cell_type": "code",
   "execution_count": 3,
   "id": "e29acf64",
   "metadata": {},
   "outputs": [
    {
     "data": {
      "text/plain": [
       "Index(['TOWN', 'TRACT', 'LON', 'LAT', 'MEDV', 'CRIM', 'ZN', 'INDUS', 'CHAS',\n",
       "       'NOX', 'RM', 'AGE', 'DIS', 'RAD', 'TAX', 'PTRATIO'],\n",
       "      dtype='object')"
      ]
     },
     "execution_count": 3,
     "metadata": {},
     "output_type": "execute_result"
    }
   ],
   "source": [
    "dataset.columns"
   ]
  },
  {
   "cell_type": "code",
   "execution_count": 4,
   "id": "bdacad81",
   "metadata": {},
   "outputs": [],
   "source": [
    "features = ['TOWN', 'TRACT', 'LON', 'LAT', 'CRIM', 'ZN', 'INDUS', 'CHAS',\n",
    "       'NOX', 'RM', 'AGE', 'DIS', 'RAD', 'TAX', 'PTRATIO']\n",
    "target = ['MEDV']"
   ]
  },
  {
   "cell_type": "markdown",
   "id": "c4f520f1",
   "metadata": {},
   "source": [
    "#### always a good practice to check for the description about the dataset. get familiar with the columns and everything about the dataset."
   ]
  },
  {
   "cell_type": "code",
   "execution_count": 5,
   "id": "72451e3b",
   "metadata": {},
   "outputs": [
    {
     "name": "stdout",
     "output_type": "stream",
     "text": [
      "<class 'pandas.core.frame.DataFrame'>\n",
      "RangeIndex: 506 entries, 0 to 505\n",
      "Data columns (total 16 columns):\n",
      " #   Column   Non-Null Count  Dtype  \n",
      "---  ------   --------------  -----  \n",
      " 0   TOWN     506 non-null    object \n",
      " 1   TRACT    506 non-null    int64  \n",
      " 2   LON      506 non-null    float64\n",
      " 3   LAT      506 non-null    float64\n",
      " 4   MEDV     506 non-null    float64\n",
      " 5   CRIM     506 non-null    float64\n",
      " 6   ZN       506 non-null    float64\n",
      " 7   INDUS    506 non-null    float64\n",
      " 8   CHAS     506 non-null    int64  \n",
      " 9   NOX      506 non-null    float64\n",
      " 10  RM       506 non-null    float64\n",
      " 11  AGE      506 non-null    float64\n",
      " 12  DIS      506 non-null    float64\n",
      " 13  RAD      506 non-null    int64  \n",
      " 14  TAX      506 non-null    int64  \n",
      " 15  PTRATIO  506 non-null    float64\n",
      "dtypes: float64(11), int64(4), object(1)\n",
      "memory usage: 63.4+ KB\n"
     ]
    }
   ],
   "source": [
    "dataset.info()"
   ]
  },
  {
   "cell_type": "code",
   "execution_count": 6,
   "id": "9d6c42ba",
   "metadata": {},
   "outputs": [
    {
     "data": {
      "text/html": [
       "<div>\n",
       "<style scoped>\n",
       "    .dataframe tbody tr th:only-of-type {\n",
       "        vertical-align: middle;\n",
       "    }\n",
       "\n",
       "    .dataframe tbody tr th {\n",
       "        vertical-align: top;\n",
       "    }\n",
       "\n",
       "    .dataframe thead th {\n",
       "        text-align: right;\n",
       "    }\n",
       "</style>\n",
       "<table border=\"1\" class=\"dataframe\">\n",
       "  <thead>\n",
       "    <tr style=\"text-align: right;\">\n",
       "      <th></th>\n",
       "      <th>TRACT</th>\n",
       "      <th>LON</th>\n",
       "      <th>LAT</th>\n",
       "      <th>MEDV</th>\n",
       "      <th>CRIM</th>\n",
       "      <th>ZN</th>\n",
       "      <th>INDUS</th>\n",
       "      <th>CHAS</th>\n",
       "      <th>NOX</th>\n",
       "      <th>RM</th>\n",
       "      <th>AGE</th>\n",
       "      <th>DIS</th>\n",
       "      <th>RAD</th>\n",
       "      <th>TAX</th>\n",
       "      <th>PTRATIO</th>\n",
       "    </tr>\n",
       "  </thead>\n",
       "  <tbody>\n",
       "    <tr>\n",
       "      <th>count</th>\n",
       "      <td>506.000000</td>\n",
       "      <td>506.000000</td>\n",
       "      <td>506.000000</td>\n",
       "      <td>506.000000</td>\n",
       "      <td>506.000000</td>\n",
       "      <td>506.000000</td>\n",
       "      <td>506.000000</td>\n",
       "      <td>506.000000</td>\n",
       "      <td>506.000000</td>\n",
       "      <td>506.000000</td>\n",
       "      <td>506.000000</td>\n",
       "      <td>506.000000</td>\n",
       "      <td>506.000000</td>\n",
       "      <td>506.000000</td>\n",
       "      <td>506.000000</td>\n",
       "    </tr>\n",
       "    <tr>\n",
       "      <th>mean</th>\n",
       "      <td>2700.355731</td>\n",
       "      <td>-71.056389</td>\n",
       "      <td>42.216440</td>\n",
       "      <td>22.528854</td>\n",
       "      <td>3.613524</td>\n",
       "      <td>11.363636</td>\n",
       "      <td>11.136779</td>\n",
       "      <td>0.069170</td>\n",
       "      <td>0.554695</td>\n",
       "      <td>6.284634</td>\n",
       "      <td>68.574901</td>\n",
       "      <td>3.795043</td>\n",
       "      <td>9.549407</td>\n",
       "      <td>408.237154</td>\n",
       "      <td>18.455534</td>\n",
       "    </tr>\n",
       "    <tr>\n",
       "      <th>std</th>\n",
       "      <td>1380.036830</td>\n",
       "      <td>0.075405</td>\n",
       "      <td>0.061777</td>\n",
       "      <td>9.182176</td>\n",
       "      <td>8.601545</td>\n",
       "      <td>23.322453</td>\n",
       "      <td>6.860353</td>\n",
       "      <td>0.253994</td>\n",
       "      <td>0.115878</td>\n",
       "      <td>0.702617</td>\n",
       "      <td>28.148861</td>\n",
       "      <td>2.105710</td>\n",
       "      <td>8.707259</td>\n",
       "      <td>168.537116</td>\n",
       "      <td>2.164946</td>\n",
       "    </tr>\n",
       "    <tr>\n",
       "      <th>min</th>\n",
       "      <td>1.000000</td>\n",
       "      <td>-71.289500</td>\n",
       "      <td>42.030000</td>\n",
       "      <td>5.000000</td>\n",
       "      <td>0.006320</td>\n",
       "      <td>0.000000</td>\n",
       "      <td>0.460000</td>\n",
       "      <td>0.000000</td>\n",
       "      <td>0.385000</td>\n",
       "      <td>3.561000</td>\n",
       "      <td>2.900000</td>\n",
       "      <td>1.129600</td>\n",
       "      <td>1.000000</td>\n",
       "      <td>187.000000</td>\n",
       "      <td>12.600000</td>\n",
       "    </tr>\n",
       "    <tr>\n",
       "      <th>25%</th>\n",
       "      <td>1303.250000</td>\n",
       "      <td>-71.093225</td>\n",
       "      <td>42.180775</td>\n",
       "      <td>17.025000</td>\n",
       "      <td>0.082045</td>\n",
       "      <td>0.000000</td>\n",
       "      <td>5.190000</td>\n",
       "      <td>0.000000</td>\n",
       "      <td>0.449000</td>\n",
       "      <td>5.885500</td>\n",
       "      <td>45.025000</td>\n",
       "      <td>2.100175</td>\n",
       "      <td>4.000000</td>\n",
       "      <td>279.000000</td>\n",
       "      <td>17.400000</td>\n",
       "    </tr>\n",
       "    <tr>\n",
       "      <th>50%</th>\n",
       "      <td>3393.500000</td>\n",
       "      <td>-71.052900</td>\n",
       "      <td>42.218100</td>\n",
       "      <td>21.200000</td>\n",
       "      <td>0.256510</td>\n",
       "      <td>0.000000</td>\n",
       "      <td>9.690000</td>\n",
       "      <td>0.000000</td>\n",
       "      <td>0.538000</td>\n",
       "      <td>6.208500</td>\n",
       "      <td>77.500000</td>\n",
       "      <td>3.207450</td>\n",
       "      <td>5.000000</td>\n",
       "      <td>330.000000</td>\n",
       "      <td>19.050000</td>\n",
       "    </tr>\n",
       "    <tr>\n",
       "      <th>75%</th>\n",
       "      <td>3739.750000</td>\n",
       "      <td>-71.019625</td>\n",
       "      <td>42.252250</td>\n",
       "      <td>25.000000</td>\n",
       "      <td>3.677083</td>\n",
       "      <td>12.500000</td>\n",
       "      <td>18.100000</td>\n",
       "      <td>0.000000</td>\n",
       "      <td>0.624000</td>\n",
       "      <td>6.623500</td>\n",
       "      <td>94.075000</td>\n",
       "      <td>5.188425</td>\n",
       "      <td>24.000000</td>\n",
       "      <td>666.000000</td>\n",
       "      <td>20.200000</td>\n",
       "    </tr>\n",
       "    <tr>\n",
       "      <th>max</th>\n",
       "      <td>5082.000000</td>\n",
       "      <td>-70.810000</td>\n",
       "      <td>42.381000</td>\n",
       "      <td>50.000000</td>\n",
       "      <td>88.976200</td>\n",
       "      <td>100.000000</td>\n",
       "      <td>27.740000</td>\n",
       "      <td>1.000000</td>\n",
       "      <td>0.871000</td>\n",
       "      <td>8.780000</td>\n",
       "      <td>100.000000</td>\n",
       "      <td>12.126500</td>\n",
       "      <td>24.000000</td>\n",
       "      <td>711.000000</td>\n",
       "      <td>22.000000</td>\n",
       "    </tr>\n",
       "  </tbody>\n",
       "</table>\n",
       "</div>"
      ],
      "text/plain": [
       "             TRACT         LON         LAT        MEDV        CRIM  \\\n",
       "count   506.000000  506.000000  506.000000  506.000000  506.000000   \n",
       "mean   2700.355731  -71.056389   42.216440   22.528854    3.613524   \n",
       "std    1380.036830    0.075405    0.061777    9.182176    8.601545   \n",
       "min       1.000000  -71.289500   42.030000    5.000000    0.006320   \n",
       "25%    1303.250000  -71.093225   42.180775   17.025000    0.082045   \n",
       "50%    3393.500000  -71.052900   42.218100   21.200000    0.256510   \n",
       "75%    3739.750000  -71.019625   42.252250   25.000000    3.677083   \n",
       "max    5082.000000  -70.810000   42.381000   50.000000   88.976200   \n",
       "\n",
       "               ZN       INDUS        CHAS         NOX          RM         AGE  \\\n",
       "count  506.000000  506.000000  506.000000  506.000000  506.000000  506.000000   \n",
       "mean    11.363636   11.136779    0.069170    0.554695    6.284634   68.574901   \n",
       "std     23.322453    6.860353    0.253994    0.115878    0.702617   28.148861   \n",
       "min      0.000000    0.460000    0.000000    0.385000    3.561000    2.900000   \n",
       "25%      0.000000    5.190000    0.000000    0.449000    5.885500   45.025000   \n",
       "50%      0.000000    9.690000    0.000000    0.538000    6.208500   77.500000   \n",
       "75%     12.500000   18.100000    0.000000    0.624000    6.623500   94.075000   \n",
       "max    100.000000   27.740000    1.000000    0.871000    8.780000  100.000000   \n",
       "\n",
       "              DIS         RAD         TAX     PTRATIO  \n",
       "count  506.000000  506.000000  506.000000  506.000000  \n",
       "mean     3.795043    9.549407  408.237154   18.455534  \n",
       "std      2.105710    8.707259  168.537116    2.164946  \n",
       "min      1.129600    1.000000  187.000000   12.600000  \n",
       "25%      2.100175    4.000000  279.000000   17.400000  \n",
       "50%      3.207450    5.000000  330.000000   19.050000  \n",
       "75%      5.188425   24.000000  666.000000   20.200000  \n",
       "max     12.126500   24.000000  711.000000   22.000000  "
      ]
     },
     "execution_count": 6,
     "metadata": {},
     "output_type": "execute_result"
    }
   ],
   "source": [
    "## Stats summarizing\n",
    "dataset.describe()"
   ]
  },
  {
   "cell_type": "code",
   "execution_count": 7,
   "id": "95229ee6",
   "metadata": {},
   "outputs": [
    {
     "data": {
      "text/plain": [
       "TOWN       0\n",
       "TRACT      0\n",
       "LON        0\n",
       "LAT        0\n",
       "MEDV       0\n",
       "CRIM       0\n",
       "ZN         0\n",
       "INDUS      0\n",
       "CHAS       0\n",
       "NOX        0\n",
       "RM         0\n",
       "AGE        0\n",
       "DIS        0\n",
       "RAD        0\n",
       "TAX        0\n",
       "PTRATIO    0\n",
       "dtype: int64"
      ]
     },
     "execution_count": 7,
     "metadata": {},
     "output_type": "execute_result"
    }
   ],
   "source": [
    "## check for missing values\n",
    "\n",
    "dataset.isnull().sum()"
   ]
  },
  {
   "cell_type": "markdown",
   "id": "f38d439c",
   "metadata": {},
   "source": [
    "## Exploratory Data Analysis\n",
    "\n",
    "we do EDA to understand our dataset better."
   ]
  },
  {
   "cell_type": "code",
   "execution_count": 8,
   "id": "b18f7a4f",
   "metadata": {},
   "outputs": [
    {
     "name": "stderr",
     "output_type": "stream",
     "text": [
      "C:\\Users\\iamya\\AppData\\Local\\Temp\\ipykernel_25340\\3557887649.py:3: FutureWarning: The default value of numeric_only in DataFrame.corr is deprecated. In a future version, it will default to False. Select only valid columns or specify the value of numeric_only to silence this warning.\n",
      "  dataset.corr()\n"
     ]
    },
    {
     "data": {
      "text/html": [
       "<div>\n",
       "<style scoped>\n",
       "    .dataframe tbody tr th:only-of-type {\n",
       "        vertical-align: middle;\n",
       "    }\n",
       "\n",
       "    .dataframe tbody tr th {\n",
       "        vertical-align: top;\n",
       "    }\n",
       "\n",
       "    .dataframe thead th {\n",
       "        text-align: right;\n",
       "    }\n",
       "</style>\n",
       "<table border=\"1\" class=\"dataframe\">\n",
       "  <thead>\n",
       "    <tr style=\"text-align: right;\">\n",
       "      <th></th>\n",
       "      <th>TRACT</th>\n",
       "      <th>LON</th>\n",
       "      <th>LAT</th>\n",
       "      <th>MEDV</th>\n",
       "      <th>CRIM</th>\n",
       "      <th>ZN</th>\n",
       "      <th>INDUS</th>\n",
       "      <th>CHAS</th>\n",
       "      <th>NOX</th>\n",
       "      <th>RM</th>\n",
       "      <th>AGE</th>\n",
       "      <th>DIS</th>\n",
       "      <th>RAD</th>\n",
       "      <th>TAX</th>\n",
       "      <th>PTRATIO</th>\n",
       "    </tr>\n",
       "  </thead>\n",
       "  <tbody>\n",
       "    <tr>\n",
       "      <th>TRACT</th>\n",
       "      <td>1.000000</td>\n",
       "      <td>-0.220890</td>\n",
       "      <td>-0.225543</td>\n",
       "      <td>0.428252</td>\n",
       "      <td>-0.547165</td>\n",
       "      <td>0.367292</td>\n",
       "      <td>-0.575705</td>\n",
       "      <td>0.041356</td>\n",
       "      <td>-0.569807</td>\n",
       "      <td>0.305207</td>\n",
       "      <td>-0.487465</td>\n",
       "      <td>0.496841</td>\n",
       "      <td>-0.828829</td>\n",
       "      <td>-0.793602</td>\n",
       "      <td>-0.532678</td>\n",
       "    </tr>\n",
       "    <tr>\n",
       "      <th>LON</th>\n",
       "      <td>-0.220890</td>\n",
       "      <td>1.000000</td>\n",
       "      <td>0.143054</td>\n",
       "      <td>-0.322947</td>\n",
       "      <td>0.065101</td>\n",
       "      <td>-0.218081</td>\n",
       "      <td>0.062702</td>\n",
       "      <td>-0.175619</td>\n",
       "      <td>0.160871</td>\n",
       "      <td>-0.257110</td>\n",
       "      <td>0.204739</td>\n",
       "      <td>-0.011243</td>\n",
       "      <td>0.034067</td>\n",
       "      <td>0.050663</td>\n",
       "      <td>0.312602</td>\n",
       "    </tr>\n",
       "    <tr>\n",
       "      <th>LAT</th>\n",
       "      <td>-0.225543</td>\n",
       "      <td>0.143054</td>\n",
       "      <td>1.000000</td>\n",
       "      <td>0.006826</td>\n",
       "      <td>-0.084293</td>\n",
       "      <td>-0.129667</td>\n",
       "      <td>-0.041093</td>\n",
       "      <td>-0.044726</td>\n",
       "      <td>-0.068600</td>\n",
       "      <td>-0.069317</td>\n",
       "      <td>0.079035</td>\n",
       "      <td>-0.082981</td>\n",
       "      <td>-0.207013</td>\n",
       "      <td>-0.167718</td>\n",
       "      <td>-0.004527</td>\n",
       "    </tr>\n",
       "    <tr>\n",
       "      <th>MEDV</th>\n",
       "      <td>0.428252</td>\n",
       "      <td>-0.322947</td>\n",
       "      <td>0.006826</td>\n",
       "      <td>1.000000</td>\n",
       "      <td>-0.389582</td>\n",
       "      <td>0.360386</td>\n",
       "      <td>-0.484754</td>\n",
       "      <td>0.175663</td>\n",
       "      <td>-0.429300</td>\n",
       "      <td>0.696304</td>\n",
       "      <td>-0.377999</td>\n",
       "      <td>0.249315</td>\n",
       "      <td>-0.384766</td>\n",
       "      <td>-0.471979</td>\n",
       "      <td>-0.505655</td>\n",
       "    </tr>\n",
       "    <tr>\n",
       "      <th>CRIM</th>\n",
       "      <td>-0.547165</td>\n",
       "      <td>0.065101</td>\n",
       "      <td>-0.084293</td>\n",
       "      <td>-0.389582</td>\n",
       "      <td>1.000000</td>\n",
       "      <td>-0.200469</td>\n",
       "      <td>0.406583</td>\n",
       "      <td>-0.055892</td>\n",
       "      <td>0.420972</td>\n",
       "      <td>-0.219247</td>\n",
       "      <td>0.352734</td>\n",
       "      <td>-0.379670</td>\n",
       "      <td>0.625505</td>\n",
       "      <td>0.582764</td>\n",
       "      <td>0.289946</td>\n",
       "    </tr>\n",
       "    <tr>\n",
       "      <th>ZN</th>\n",
       "      <td>0.367292</td>\n",
       "      <td>-0.218081</td>\n",
       "      <td>-0.129667</td>\n",
       "      <td>0.360386</td>\n",
       "      <td>-0.200469</td>\n",
       "      <td>1.000000</td>\n",
       "      <td>-0.533828</td>\n",
       "      <td>-0.042697</td>\n",
       "      <td>-0.516604</td>\n",
       "      <td>0.311991</td>\n",
       "      <td>-0.569537</td>\n",
       "      <td>0.664408</td>\n",
       "      <td>-0.311948</td>\n",
       "      <td>-0.314563</td>\n",
       "      <td>-0.391679</td>\n",
       "    </tr>\n",
       "    <tr>\n",
       "      <th>INDUS</th>\n",
       "      <td>-0.575705</td>\n",
       "      <td>0.062702</td>\n",
       "      <td>-0.041093</td>\n",
       "      <td>-0.484754</td>\n",
       "      <td>0.406583</td>\n",
       "      <td>-0.533828</td>\n",
       "      <td>1.000000</td>\n",
       "      <td>0.062938</td>\n",
       "      <td>0.763651</td>\n",
       "      <td>-0.391676</td>\n",
       "      <td>0.644779</td>\n",
       "      <td>-0.708027</td>\n",
       "      <td>0.595129</td>\n",
       "      <td>0.720760</td>\n",
       "      <td>0.383248</td>\n",
       "    </tr>\n",
       "    <tr>\n",
       "      <th>CHAS</th>\n",
       "      <td>0.041356</td>\n",
       "      <td>-0.175619</td>\n",
       "      <td>-0.044726</td>\n",
       "      <td>0.175663</td>\n",
       "      <td>-0.055892</td>\n",
       "      <td>-0.042697</td>\n",
       "      <td>0.062938</td>\n",
       "      <td>1.000000</td>\n",
       "      <td>0.091203</td>\n",
       "      <td>0.091251</td>\n",
       "      <td>0.086518</td>\n",
       "      <td>-0.099176</td>\n",
       "      <td>-0.007368</td>\n",
       "      <td>-0.035587</td>\n",
       "      <td>-0.121515</td>\n",
       "    </tr>\n",
       "    <tr>\n",
       "      <th>NOX</th>\n",
       "      <td>-0.569807</td>\n",
       "      <td>0.160871</td>\n",
       "      <td>-0.068600</td>\n",
       "      <td>-0.429300</td>\n",
       "      <td>0.420972</td>\n",
       "      <td>-0.516604</td>\n",
       "      <td>0.763651</td>\n",
       "      <td>0.091203</td>\n",
       "      <td>1.000000</td>\n",
       "      <td>-0.302188</td>\n",
       "      <td>0.731470</td>\n",
       "      <td>-0.769230</td>\n",
       "      <td>0.611441</td>\n",
       "      <td>0.668023</td>\n",
       "      <td>0.188933</td>\n",
       "    </tr>\n",
       "    <tr>\n",
       "      <th>RM</th>\n",
       "      <td>0.305207</td>\n",
       "      <td>-0.257110</td>\n",
       "      <td>-0.069317</td>\n",
       "      <td>0.696304</td>\n",
       "      <td>-0.219247</td>\n",
       "      <td>0.311991</td>\n",
       "      <td>-0.391676</td>\n",
       "      <td>0.091251</td>\n",
       "      <td>-0.302188</td>\n",
       "      <td>1.000000</td>\n",
       "      <td>-0.240265</td>\n",
       "      <td>0.205246</td>\n",
       "      <td>-0.209847</td>\n",
       "      <td>-0.292048</td>\n",
       "      <td>-0.355501</td>\n",
       "    </tr>\n",
       "    <tr>\n",
       "      <th>AGE</th>\n",
       "      <td>-0.487465</td>\n",
       "      <td>0.204739</td>\n",
       "      <td>0.079035</td>\n",
       "      <td>-0.377999</td>\n",
       "      <td>0.352734</td>\n",
       "      <td>-0.569537</td>\n",
       "      <td>0.644779</td>\n",
       "      <td>0.086518</td>\n",
       "      <td>0.731470</td>\n",
       "      <td>-0.240265</td>\n",
       "      <td>1.000000</td>\n",
       "      <td>-0.747881</td>\n",
       "      <td>0.456022</td>\n",
       "      <td>0.506456</td>\n",
       "      <td>0.261515</td>\n",
       "    </tr>\n",
       "    <tr>\n",
       "      <th>DIS</th>\n",
       "      <td>0.496841</td>\n",
       "      <td>-0.011243</td>\n",
       "      <td>-0.082981</td>\n",
       "      <td>0.249315</td>\n",
       "      <td>-0.379670</td>\n",
       "      <td>0.664408</td>\n",
       "      <td>-0.708027</td>\n",
       "      <td>-0.099176</td>\n",
       "      <td>-0.769230</td>\n",
       "      <td>0.205246</td>\n",
       "      <td>-0.747881</td>\n",
       "      <td>1.000000</td>\n",
       "      <td>-0.494588</td>\n",
       "      <td>-0.534432</td>\n",
       "      <td>-0.232471</td>\n",
       "    </tr>\n",
       "    <tr>\n",
       "      <th>RAD</th>\n",
       "      <td>-0.828829</td>\n",
       "      <td>0.034067</td>\n",
       "      <td>-0.207013</td>\n",
       "      <td>-0.384766</td>\n",
       "      <td>0.625505</td>\n",
       "      <td>-0.311948</td>\n",
       "      <td>0.595129</td>\n",
       "      <td>-0.007368</td>\n",
       "      <td>0.611441</td>\n",
       "      <td>-0.209847</td>\n",
       "      <td>0.456022</td>\n",
       "      <td>-0.494588</td>\n",
       "      <td>1.000000</td>\n",
       "      <td>0.910228</td>\n",
       "      <td>0.464741</td>\n",
       "    </tr>\n",
       "    <tr>\n",
       "      <th>TAX</th>\n",
       "      <td>-0.793602</td>\n",
       "      <td>0.050663</td>\n",
       "      <td>-0.167718</td>\n",
       "      <td>-0.471979</td>\n",
       "      <td>0.582764</td>\n",
       "      <td>-0.314563</td>\n",
       "      <td>0.720760</td>\n",
       "      <td>-0.035587</td>\n",
       "      <td>0.668023</td>\n",
       "      <td>-0.292048</td>\n",
       "      <td>0.506456</td>\n",
       "      <td>-0.534432</td>\n",
       "      <td>0.910228</td>\n",
       "      <td>1.000000</td>\n",
       "      <td>0.460853</td>\n",
       "    </tr>\n",
       "    <tr>\n",
       "      <th>PTRATIO</th>\n",
       "      <td>-0.532678</td>\n",
       "      <td>0.312602</td>\n",
       "      <td>-0.004527</td>\n",
       "      <td>-0.505655</td>\n",
       "      <td>0.289946</td>\n",
       "      <td>-0.391679</td>\n",
       "      <td>0.383248</td>\n",
       "      <td>-0.121515</td>\n",
       "      <td>0.188933</td>\n",
       "      <td>-0.355501</td>\n",
       "      <td>0.261515</td>\n",
       "      <td>-0.232471</td>\n",
       "      <td>0.464741</td>\n",
       "      <td>0.460853</td>\n",
       "      <td>1.000000</td>\n",
       "    </tr>\n",
       "  </tbody>\n",
       "</table>\n",
       "</div>"
      ],
      "text/plain": [
       "            TRACT       LON       LAT      MEDV      CRIM        ZN     INDUS  \\\n",
       "TRACT    1.000000 -0.220890 -0.225543  0.428252 -0.547165  0.367292 -0.575705   \n",
       "LON     -0.220890  1.000000  0.143054 -0.322947  0.065101 -0.218081  0.062702   \n",
       "LAT     -0.225543  0.143054  1.000000  0.006826 -0.084293 -0.129667 -0.041093   \n",
       "MEDV     0.428252 -0.322947  0.006826  1.000000 -0.389582  0.360386 -0.484754   \n",
       "CRIM    -0.547165  0.065101 -0.084293 -0.389582  1.000000 -0.200469  0.406583   \n",
       "ZN       0.367292 -0.218081 -0.129667  0.360386 -0.200469  1.000000 -0.533828   \n",
       "INDUS   -0.575705  0.062702 -0.041093 -0.484754  0.406583 -0.533828  1.000000   \n",
       "CHAS     0.041356 -0.175619 -0.044726  0.175663 -0.055892 -0.042697  0.062938   \n",
       "NOX     -0.569807  0.160871 -0.068600 -0.429300  0.420972 -0.516604  0.763651   \n",
       "RM       0.305207 -0.257110 -0.069317  0.696304 -0.219247  0.311991 -0.391676   \n",
       "AGE     -0.487465  0.204739  0.079035 -0.377999  0.352734 -0.569537  0.644779   \n",
       "DIS      0.496841 -0.011243 -0.082981  0.249315 -0.379670  0.664408 -0.708027   \n",
       "RAD     -0.828829  0.034067 -0.207013 -0.384766  0.625505 -0.311948  0.595129   \n",
       "TAX     -0.793602  0.050663 -0.167718 -0.471979  0.582764 -0.314563  0.720760   \n",
       "PTRATIO -0.532678  0.312602 -0.004527 -0.505655  0.289946 -0.391679  0.383248   \n",
       "\n",
       "             CHAS       NOX        RM       AGE       DIS       RAD       TAX  \\\n",
       "TRACT    0.041356 -0.569807  0.305207 -0.487465  0.496841 -0.828829 -0.793602   \n",
       "LON     -0.175619  0.160871 -0.257110  0.204739 -0.011243  0.034067  0.050663   \n",
       "LAT     -0.044726 -0.068600 -0.069317  0.079035 -0.082981 -0.207013 -0.167718   \n",
       "MEDV     0.175663 -0.429300  0.696304 -0.377999  0.249315 -0.384766 -0.471979   \n",
       "CRIM    -0.055892  0.420972 -0.219247  0.352734 -0.379670  0.625505  0.582764   \n",
       "ZN      -0.042697 -0.516604  0.311991 -0.569537  0.664408 -0.311948 -0.314563   \n",
       "INDUS    0.062938  0.763651 -0.391676  0.644779 -0.708027  0.595129  0.720760   \n",
       "CHAS     1.000000  0.091203  0.091251  0.086518 -0.099176 -0.007368 -0.035587   \n",
       "NOX      0.091203  1.000000 -0.302188  0.731470 -0.769230  0.611441  0.668023   \n",
       "RM       0.091251 -0.302188  1.000000 -0.240265  0.205246 -0.209847 -0.292048   \n",
       "AGE      0.086518  0.731470 -0.240265  1.000000 -0.747881  0.456022  0.506456   \n",
       "DIS     -0.099176 -0.769230  0.205246 -0.747881  1.000000 -0.494588 -0.534432   \n",
       "RAD     -0.007368  0.611441 -0.209847  0.456022 -0.494588  1.000000  0.910228   \n",
       "TAX     -0.035587  0.668023 -0.292048  0.506456 -0.534432  0.910228  1.000000   \n",
       "PTRATIO -0.121515  0.188933 -0.355501  0.261515 -0.232471  0.464741  0.460853   \n",
       "\n",
       "          PTRATIO  \n",
       "TRACT   -0.532678  \n",
       "LON      0.312602  \n",
       "LAT     -0.004527  \n",
       "MEDV    -0.505655  \n",
       "CRIM     0.289946  \n",
       "ZN      -0.391679  \n",
       "INDUS    0.383248  \n",
       "CHAS    -0.121515  \n",
       "NOX      0.188933  \n",
       "RM      -0.355501  \n",
       "AGE      0.261515  \n",
       "DIS     -0.232471  \n",
       "RAD      0.464741  \n",
       "TAX      0.460853  \n",
       "PTRATIO  1.000000  "
      ]
     },
     "execution_count": 8,
     "metadata": {},
     "output_type": "execute_result"
    }
   ],
   "source": [
    "## always check the correlation whenever we are doing any type of regression\n",
    "\n",
    "dataset.corr()"
   ]
  },
  {
   "cell_type": "markdown",
   "id": "2c523fb8",
   "metadata": {},
   "source": [
    "Here we need to check for 2 types of correlation.\n",
    "1. correlation between independent features \n",
    "2. correlation between dependent and independent features\n",
    "\n",
    "\n",
    "If there is high correlation(any positive or negative) between independent features; we can remove one of the feature."
   ]
  },
  {
   "cell_type": "code",
   "execution_count": 9,
   "id": "e33dbe2f",
   "metadata": {},
   "outputs": [
    {
     "data": {
      "text/plain": [
       "<seaborn.axisgrid.PairGrid at 0x17eea61f460>"
      ]
     },
     "execution_count": 9,
     "metadata": {},
     "output_type": "execute_result"
    },
    {
     "data": {
